zucchero g 185
farina g 635
cacao g 274
 -858993460
 -858993460
 -858993460
 -858993460
 -858993460
 -858993460
 -858993460
 -858993460
 -858993460
 -858993460
 -858993460
 -858993460
 -858993460
 -858993460
 -858993460
 -858993460
 -858993460
 -858993460
 -858993460
 -858993460
 -858993460
 -858993460
 -858993460
 -858993460
 -858993460
 -858993460
 -858993460
 -858993460
 -858993460
 -858993460
 -858993460
 -858993460
 -858993460
 -858993460
 -858993460
 -858993460
 -858993460
 -858993460
 -858993460
 -858993460
 -858993460
 -858993460
 -858993460
 -858993460
 -858993460
 -858993460
 -858993460
 -858993460
 -858993460
 -858993460
 -858993460
 -858993460
 -858993460
 -858993460
 -858993460
 -858993460
 -858993460
 -858993460
 -858993460
 -858993460
 -858993460
 -858993460
 -858993460
 -858993460
 -858993460
 -858993460
 -858993460
 -858993460
 -858993460
 -858993460
 -858993460
 -858993460
 -858993460
 -858993460
 -858993460
 -858993460
 -858993460
 -858993460
 -858993460
 -858993460
 -858993460
 -858993460
 -858993460
 -858993460
 -858993460
 -858993460
 -858993460
 -858993460
 -858993460
 -858993460
 -858993460
 -858993460
 -858993460
 -858993460
 -858993460
 -858993460
 -858993460
